9.86446
9.93843
10.2093
10.2813
10.6282
10.6922
11.056
11.156
11.4789
11.5738
11.8877
11.9867
12.3166
12.4096
12.8374
12.9224
13.3042
13.3962
13.7601
13.859
14.1759
14.2819
14.6917
14.7947
15.1796
15.2885
15.6464
15.7624
16.1213
16.2152
16.5671
16.6781
17.036
17.1609
17.5088
17.6238
17.9767
18.1096
18.4505
18.5505
18.8624
18.9833
19.3262
19.4312
19.7851
19.884
20.3119
20.4278
20.7377
20.8407
21.1626
21.2536
21.6475
21.7424
22.1313
22.2293
22.5682
22.6632
23.031
23.127
23.5069
23.6099
23.9427
24.0537
24.4405
24.5555
24.8623
24.9903
25.3461
25.4421
25.7999
25.9889
26.2817
26.3787
26.7455
26.9065
27.1894
27.3243
27.6022
27.7431
28.09
28.2149
28.5418
28.6697
28.9906
29.1405
29.3973
29.5333
29.8462
29.9761
30.306
30.4189
30.7768
30.8867
31.2456
31.3855
31.7004
31.8083
32.1852
32.3321
32.669
32.7849
33.1928
33.3077
33.6406
33.7516
34.0844
34.2164
34.5572
34.7191
35.026
35.131
35.5008
35.6408
35.9476
36.0726
36.4254
36.5654
36.9282
37.0481
37.388
37.4999
37.8568
37.9647
38.3165
38.4175
38.7993
38.9202
39.2481
39.356
39.6619
39.8678
40.0227
40.3096
40.5675
40.7114
41.0952
41.1852
41.509
41.618
42.0128
42.1217
42.4916
42.6145
42.9174
43.0473
43.4561
43.5661
43.8339
43.9689
44.3517
44.4627
44.8155
44.9575
45.1674
45.3683
45.5192
45.6612
45.8081
45.9221
46.002
46.053
46.2489
46.3239
46.5738
46.7967
47.0546
47.1896
47.2285
47.3125
47.3875
47.4615
47.6324
47.7234
47.7993
47.8553
