1.25792
2.26884
3.17578
4.27914
5.14049
5.84077
6.86818
7.68951
8.45081
9.16109
11.3769
12.0516
12.4393
15.1859
15.9015
16.1673
21.9402
24.4119
24.9196
25.7902
26.5248
30.0439
30.8734
35.1111
35.5448
36.0226
36.5603
39.2838
39.7055
40.3502
41.4686
42.2831
44.8187
45.3325
49.7101
50.0639
50.4407
50.9094
51.3632
51.8189
52.6654
53.1282
54.0297
54.5434
55.343
55.9266
56.6303
57.11
57.4808
59.1469
60.3302
62.1073
62.528
62.8309
63.4795
64.2091
64.6379
65.6133
66.4798
67.98
68.4568
69.2073
69.9719
70.8335
71.713
72.6744
73.0182
73.8728
74.6773
75.0661
75.9107
76.4544
77.3299
77.7277
79.2778
79.6496
81.9154
82.1712
82.4281
83.0767
83.2486
84.0792
84.7948
85.5294
86.188
86.5758
88.1849
89.2123
89.801
90.1678
90.6825
91.2003
92.3226
93.1282
94.0587
