9.57301
16.7991
24.0421
25.3864
26.6437
28.2738
31.455
35.18
38.768
40.0014
42.3561
44.4499
48.0229
51.7029
53.453
54.3035
55.5018
59.0389
60.7969
62.7489
66.4498
68.2448
70.1938
72.0947
73.7708
75.7277
77.3438
79.3717
79.9554
80.8549
82.6879
84.258
86.6287
87.4553
88.4197
90.3427
92.0388
94.0167
94.7203
95.6628
97.4138
98.879
99.2558
106.957
114.178
116.141
117.895
119.848
121.617
123.676
125.314
127.252
131.013
132.631
134.675
136.444
138.396
140.07
142.119
143.762
145.638
147.671
149.345
151.327
153.01
155.075
155.988
156.769
158.584
160.44
164.111
168.441
170.484
172.355
176.141
177.282
178.095
180.776
181.456
184.595
185.229
188.292
188.946
191.309
192.492
193.58
194.565
195.629
196.714
197.993
199.428
201.684
204.894
206.354
208.544
209.422
210.437
212.059
213.905
216.003
217.003
217.911
219.736
221.409
223.564
225.091
229.355
230.675
232.19
233.863
235.588
235.826
238.376
241.109
244.706
252.125
253.645
