3.71213
4.43773
4.60364
5.46418
5.57912
6.42565
6.56058
7.30518
7.4621
8.18571
8.33763
9.10821
9.27812
10.1946
10.2456
11.0302
11.1551
11.9167
12.0166
12.8762
12.9731
13.7147
13.8137
14.5982
14.8001
15.5647
15.6397
16.4552
16.6061
17.4567
17.5626
18.4082
18.5451
20.4311
20.497
21.1656
21.2466
22.0112
22.1581
22.9477
23.0126
23.8022
23.8882
24.6887
24.7747
25.5742
25.7102
26.6306
26.7826
27.5372
27.6781
28.4177
28.6645
29.5091
29.636
30.4006
30.5375
31.2611
31.392
32.1316
32.2885
33.0731
33.1541
33.5708
33.7327
34.4474
34.5473
35.2719
35.5138
36.2993
36.4752
37.3008
37.4617
38.1663
38.3522
39.1218
39.2837
39.9773
40.1232
40.8788
41.0457
41.8303
41.9612
42.7448
42.9727
43.6663
43.8172
44.6068
44.7137
45.4293
45.6542
46.2579
48.0299
48.7905
48.8654
49.696
49.736
50.5515
50.7064
51.523
51.7099
52.4934
52.5844
53.4249
53.5309
54.3604
54.4364
55.2369
55.4378
56.2534
56.3383
57.034
57.1689
58.0144
58.0904
58.8899
59.0418
59.8964
59.9823
60.7669
60.9188
61.8143
61.8753
62.7408
62.8168
63.6063
63.7423
64.6468
64.6877
65.4783
65.5942
66.4698
66.5907
67.4702
67.5522
68.4577
68.5526
69.3182
69.4231
70.0878
72.1117
72.9112
72.9812
73.7768
73.8427
74.6123
74.7132
75.4478
75.7647
76.4753
76.5762
77.2698
77.4008
78.2813
78.3422
79.1968
79.3377
79.9913
80.1183
80.7519
81.0338
81.8793
81.9293
82.7148
82.8428
83.6153
83.7613
84.4309
84.6278
85.3524
85.5683
86.2889
86.5407
87.2364
87.4812
88.1599
88.3567
89.0664
89.2822
89.9818
91.9648
92.7503
92.9002
93.7058
93.9587
94.6773
94.7832
95.5528
97.4358
98.1903
98.2913
99.0858
99.2378
100.032
100.193
100.908
101.226
101.919
102.111
102.685
103.012
103.751
103.882
104.627
104.864
105.573
105.708
106.449
106.721
107.455
107.571
108.417
108.518
109.241
109.433
110.209
110.385
111.114
111.25
111.993
112.212
112.886
113.12
113.809
114.138
114.905
114.975
115.766
115.919
116.659
116.978
117.678
117.911
118.631
118.88
119.594
119.843
120.548
120.766
121.512
121.7
122.556
122.658
122.81
122.926
123.053
123.169
123.286
123.372
123.712
123.793
124.564
124.752
125.518
125.812
126.455
126.714
127.114
127.19
127.956
128.083
128.799
128.981
129.761
129.94
130.674
130.907
131.701
131.836
132.52
132.738
133.443
133.65
134.412
134.554
135.294
135.39
136.288
136.348
137.088
137.13
137.96
138.007
138.95
139.056
139.858
139.98
140.78
140.907
141.734
141.906
142.651
142.833
143.604
143.787
144.467
144.634
145.411
145.583
145.868
145.988
146.333
146.436
146.699
146.805
146.931
147.033
147.347
147.469
148.321
148.428
149.132
149.3
150.09
150.248
151.338
151.51
151.682
151.75
152.047
152.176
152.981
153.042
153.802
153.904
154.746
154.958
155.415
155.659
156.48
156.58
158.488
158.573
159.31
159.412
160.176
160.308
161.099
161.287
162.052
162.295
162.986
163.188
164
164.101
164.882
165.049
165.937
166.053
166.799
166.897
167.661
167.809
168.568
168.755
169.607
169.766
170.495
170.567
171.316
171.418
172.149
172.31
173.061
173.249
174.207
174.299
175.008
175.09
175.856
175.972
176.748
176.845
177.336
177.433
177.98
178.055
178.421
180.597
181.25
181.337
181.976
184.446
184.886
185.136
185.682
188.178
188.695
188.821
189.296
191.94
192.741
192.807
193.584
193.664
194.496
194.607
195.408
195.652
196.311
196.544
197.264
197.467
198.157
198.284
198.998
199.257
199.663
199.73
200.494
200.565
200.88
200.996
201.397
201.483
202.097
202.21
202.899
202.969
203.752
203.907
204.698
204.912
205.671
205.849
206.559
206.758
207.583
207.69
208.278
208.613
209.13
209.302
209.789
210.216
210.996
211.118
211.919
212.102
212.893
213.101
213.8
214.039
214.809
214.948
215.717
215.854
216.615
216.807
217.512
217.67
218.445
218.587
219.379
219.678
220.504
220.6
221.366
221.498
222.309
222.497
223.212
223.485
223.907
224.145
224.662
225.053
225.965
226.036
226.796
226.868
227.73
227.847
228.492
228.628
229.541
229.672
230.508
230.701
231.462
231.589
232.425
232.613
233.363
233.425
234.145
234.368
235.615
235.716
236.051
236.133
236.294
236.365
237.481
237.537
238.329
238.45
239.119
239.195
239.915
240.012
240.727
240.889
241.574
241.736
242.425
242.72
243.369
243.597
244.312
244.616
244.961
245.032
245.518
245.58
245.894
245.986
246.289
246.365
247.065
247.212
247.932
248.131
248.83
249.028
249.712
249.92
250.595
250.849
251.579
251.827
252.349
252.41
252.938
253.015
253.972
