1.24727
2.0826
2.18864
3.04999
3.16604
4.0724
4.15844
4.98477
5.08981
5.89113
5.96216
6.86853
7.0496
7.85092
7.99698
8.93295
9.01891
9.79349
11.3337
12.2402
12.2811
13.1966
13.3066
13.5075
15.3305
15.9581
16.0241
16.8137
22.0539
22.6115
22.6725
23.5381
26.6244
27.237
27.298
27.8407
27.9017
28.9481
29.0081
29.7227
29.7736
30.4773
30.5382
31.3138
31.3748
32.0934
32.1643
32.9489
33.2207
34.0153
34.1223
34.8768
35.1637
35.8673
35.9692
36.6928
37.8262
38.5348
38.6458
39.3004
39.4014
39.97
40.076
40.7546
40.8506
41.5452
41.6101
42.3647
42.4207
43.1803
45.2641
46.0087
46.1247
46.9102
47.1211
47.8357
48.1525
48.8931
49.074
49.8486
50.0655
50.7941
50.8851
51.5997
53.5926
54.3082
54.3991
55.2437
55.5675
56.2451
56.6629
57.3925
58.4389
59.2245
59.4374
60.2509
62.4867
63.2103
63.3022
64.1018
64.2227
64.9963
65.2142
65.9978
66.0847
66.9093
67.6349
68.4594
68.5254
69.284
71.011
71.7506
71.8475
72.6971
72.848
73.6376
73.7235
74.4791
76.512
77.2816
77.3575
78.1571
78.233
78.9426
80.4618
81.1274
81.2024
81.8161
85.4341
86.0997
86.1997
87.2611
87.413
88.2026
88.2985
89.0981
89.19
89.9236
90.0495
90.8041
90.8651
91.6557
91.7366
92.5212
92.6061
93.3757
93.4926
94.2522
94.3732
95.0878
95.2237
95.9323
95.9883
96.552
96.6669
96.8238
96.9238
97.5484
97.6344
98.243
98.304
98.8967
98.9626
99.6333
99.7022
100.327
100.402
100.981
101.055
101.604
101.72
102.36
102.491
103.163
