8.32764
11.8808
12.1476
12.5144
12.6923
13.0281
13.1601
14.3164
14.4824
15.071
15.192
15.8616
16.1485
16.5452
16.6672
17.029
17.1749
17.5017
17.6147
18.0244
18.1314
19.8884
20.0034
20.702
20.8339
21.5476
22.61
23.4855
23.7334
24.7038
24.7888
25.5134
25.6353
26.239
26.3899
27.3004
27.5223
29.2633
29.6311
32.2477
32.9883
34.7993
8.61834
15.8594
16.1922
17.8623
18.1911
19.9012
20.117
21.8141
21.964
23.6451
23.832
25.588
25.693
27.2341
29.0661
32.6791
32.87
34.6261
34.728
36.595
36.8059
38.5419
38.7388
42.5327
42.6686
43.0664
43.1374
43.2073
43.3193
43.4102
43.5252
43.6051
43.6921
43.776
43.861
47.3091
47.456
48.1646
48.2556
48.9992
49.0851
49.6898
49.7807
50.2075
50.2885
50.6503
50.7312
51.194
51.2749
52.0245
52.1095
52.8251
52.906
53.6896
53.7655
54.5211
54.5871
55.2098
55.2957
56.0653
56.1462
56.8808
56.9678
57.6964
57.7714
58.6029
58.7528
59.0746
59.1956
59.5784
59.6963
60.0111
60.153
60.4239
60.5548
61.4353
61.5063
61.989
62.065
62.5527
62.6277
63.2973
63.4232
64.1329
64.2138
64.9804
65.0583
65.8339
65.8959
66.6295
66.7204
67.434
67.52
68.2146
68.2956
68.9992
69.1061
69.7248
70.9731
71.5758
71.6677
79.1656
79.2616
79.9402
80.0571
80.7057
80.8227
81.5213
81.6113
82.3459
82.4268
83.1614
83.2683
83.916
84.0169
84.6906
84.7775
85.4411
85.5531
92.8568
92.9474
93.3482
93.4399
93.8154
93.897
94.2867
94.3723
95.1336
95.2051
95.904
95.9755
96.644
96.7306
97.4506
97.5121
98.2119
98.2874
98.9924
99.0538
99.7627
99.8443
100.533
100.606
101.274
101.34
102.075
102.141
102.84
102.954
103.662
103.733
104.494
104.56
105.17
