27.573
29.2171
29.399
32.8061
33.5807
36.5491
36.8369
40.33
40.6818
43.963
44.2448
45.9459
46.0519
47.8838
48.3926
51.246
53.3309
54.974
55.2258
58.608
58.8648
60.5909
60.7268
62.0251
62.6048
65.2163
66.2078
69.6049
71.8497
75.2308
75.4827
78.9008
79.1217
86.0819
88.0598
94.0085
97.3247
99.2266
108.143
108.393
116.467
119.404
119.673
123.327
123.8
126.721
127.08
130.366
130.696
132.217
132.466
133.987
134.353
136.076
136.315
136.401
136.588
136.684
136.933
137.242
138.251
141.634
141.868
143.439
143.602
145.117
145.488
146.933
147.35
150.807
151.223
154.432
154.858
155.233
155.488
158.266
158.428
160.112
160.249
161.851
162.201
162.581
162.683
162.997
163.079
163.81
163.914
165.563
166.273
167.551
167.684
169.371
169.671
170.295
170.411
171.156
171.259
172.941
173.119
175.948
182.034
183.98
185.958
187.769
189.294
191.703
191.866
193.473
193.625
195.298
195.48
197.134
197.291
197.702
198.193
198.868
199.122
199.386
199.543
199.954
200.049
200.764
201.405
204.401
204.801
206.367
206.506
207.18
207.307
207.423
207.545
208.052
208.442
210.045
210.191
211.73
212.002
213.808
213.923
215.551
215.79
219.232
219.557
222.94
223.259
223.776
223.939
228.117
228.202
228.309
228.411
228.523
228.644
230.449
230.622
230.855
231.022
231.129
231.296
231.525
231.672
231.809
232.164
235.374
235.571
235.677
235.815
235.911
236.063
236.408
236.635
237.26
245.003
245.927
251.793
253.872
