11.4312
11.6187
12.2233
12.3952
12.6364
12.8768
13.3984
13.7236
13.959
14.3195
14.9437
15.2182
15.4262
15.8091
16.5126
16.8818
17.127
17.6389
18.3763
18.8236
19.0414
19.6205
20.5458
21.0189
21.3529
21.6677
22.577
22.9368
23.0989
23.2903
23.4875
23.6547
23.8511
24.0396
24.2515
25.1111
25.5292
25.8193
26.1362
26.3853
26.8032
26.9947
27.2701
27.7027
27.86
28.8145
29.4348
29.6409
29.7688
30.312
30.6247
30.8415
31.0037
31.8934
32.9814
33.3107
33.468
34.0436
34.7867
35.5243
35.8301
35.9814
36.1699
36.7776
37.0989
37.3198
38.0964
38.962
39.4307
39.6212
39.8975
40.3205
40.6644
41.2347
42.1147
42.8717
43.9843
44.1611
44.457
44.8495
45.2043
45.6664
48.2106
49.1006
49.6713
50.0297
50.8395
51.6335
52.0457
52.5477
53.0889
53.2959
54.241
54.5849
54.7226
55.2929
57.0297
57.4174
58.156
58.7323
59.1942
59.7844
60.0247
60.5609
60.7386
61.3483
62.9316
63.4534
63.636
63.847
63.9702
64.7711
65.4658
65.8294
66.017
66.7252
66.8815
67.6495
68.688
69.4009
69.7068
69.8835
70.036
70.8615
70.9797
71.7522
71.9104
72.1165
72.2786
73.1188
73.3268
73.4978
73.7156
73.9423
74.1923
75.053
75.2396
75.7125
75.8345
76.6315
77.3688
77.6491
