5.02796
5.73224
5.95933
6.83821
7.16703
7.33394
7.51985
8.30942
8.45634
8.63125
8.77817
9.59272
10.1474
10.7651
11.5457
11.8715
4.85246
5.57606
5.84391
6.61349
6.9663
7.11122
7.66591
8.32955
8.47047
8.61039
8.68235
9.58886
13.2658
13.4927
15.3547
16.1403
16.3162
17.1827
17.5005
17.6244
17.7664
18.47
18.9227
19.0636
19.3315
19.4674
19.6083
20.4529
26.3107
27.0503
27.534
27.6949
27.8768
28.7513
28.9482
29.0941
29.365
29.7378
29.9647
30.5683
30.6553
31.5948
46.9753
47.2372
47.3831
47.6899
47.9218
48.5045
48.6514
48.8573
48.9682
49.2291
49.386
50.1706
50.3125
50.5284
50.6953
51.4948
51.5808
51.8067
51.9266
52.1495
52.1954
52.3394
52.4453
52.6712
52.7421
53.3768
53.4677
53.6386
53.7446
53.9615
54.3643
54.5142
54.6651
54.806
54.877
54.9979
55.0579
55.8984
55.9984
56.2102
56.5071
56.8839
56.9968
57.7804
57.9813
58.1532
58.3291
58.495
58.6119
58.7778
58.9397
59.0986
59.2995
60.0961
60.7537
61.1945
61.2954
61.5243
61.6353
62.179
62.3049
62.5508
62.6777
63.4972
63.6941
63.915
64.1269
64.3168
64.4247
65.1783
65.2543
65.4462
65.5561
66.3916
66.5016
67.1972
67.3231
67.478
67.7299
67.8408
67.9358
68.8413
69.0032
69.1491
69.5869
70.3465
70.4274
71.285
71.3629
72.0885
72.1845
72.8981
72.96
73.4827
73.6487
73.8046
73.9605
74.0964
74.2373
75.0019
75.0219
75.1328
75.2228
75.5456
75.6715
76.1853
76.2602
76.8739
76.9448
77.5885
77.6644
79.9642
80.1601
80.8957
81.1215
81.2785
81.3884
83.2104
83.3003
83.5122
83.5682
83.7331
83.8041
84.5387
84.6546
84.7905
84.9564
85.0424
85.1423
86.2097
86.3057
86.4716
86.6075
86.7934
86.9254
87.0753
87.2522
87.7699
87.8618
88.6524
88.7364
89.1231
89.2191
89.6589
89.7378
90.4314
90.5224
90.6843
90.7892
91.0561
91.122
91.7257
91.7927
92.4143
92.5003
93.1489
93.2259
93.8755
93.9295
94.0654
94.1364
94.921
94.9819
95.8574
95.9174
96.709
96.7629
97.1507
97.2867
97.5835
97.6245
97.7564
97.8144
98.0762
98.1682
98.6919
98.7569
99.0727
99.1536
99.8682
99.9182
100.331
100.423
100.915
100.966
101.239
101.298
101.438
101.468
101.529
101.6
102.213
102.274
102.873
102.944
103.715
103.767
103.856
103.923
104.161
104.222
104.987
105.064
105.262
105.424
106.103
106.166
106.234
106.295
107.168
107.229
107.594
107.64
108.339
108.381
108.633
108.709
109.394
109.476
109.597
109.653
109.851
109.921
110.185
110.277
110.925
111.026
111.301
111.437
111.93
112.01
112.598
112.7
113.532
113.603
114.003
114.1
114.663
114.733
115.169
115.282
115.889
116.118
116.945
