6.26224
6.38629
6.47732
6.55736
6.61938
6.6794
6.72942
6.80945
6.86048
6.9205
6.98653
7.04255
7.10257
7.16259
7.20361
7.26363
8.27103
8.75022
9.02733
9.13237
9.37447
9.56554
9.92768
10.3108
10.765
10.8859
11.2067
11.3476
11.7414
11.9723
12.2851
12.576
12.9078
13.0087
14.1821
14.368
14.7058
14.9607
15.2935
15.5604
15.8023
15.9532
16.5429
16.7388
16.9287
17.4224
17.7652
17.8852
18.2629
18.4698
18.7357
19.0025
19.2744
19.5972
20.1959
20.3218
20.6237
20.7246
21.0564
21.1764
21.4802
21.5792
22.0069
22.2538
22.8385
23.0194
23.8389
24.0008
24.3027
24.4336
24.7904
25.0873
25.7069
26.0847
26.6574
26.9593
27.7448
27.9157
28.0766
28.1876
28.2435
28.3285
28.3785
28.4494
28.4944
28.5674
28.6153
28.6713
29.7427
29.8886
30.6782
30.9351
31.127
31.3878
31.6597
31.8466
32.1334
32.3493
32.6261
32.863
33.1189
33.3867
33.6276
33.8994
34.1073
36.6569
36.7739
43.724
43.9949
44.2827
44.7955
44.8754
45.0523
45.1373
45.601
45.9228
46.4206
46.5365
46.8433
47.0602
47.383
47.7388
48.3235
48.4944
48.8482
48.9772
49.294
49.6408
50.2405
50.4264
50.7482
50.9201
51.1759
51.4338
51.7206
51.8466
52.1484
52.4702
52.6002
52.7411
52.9979
53.3358
53.5217
53.6676
53.9094
54.2523
54.4881
54.6241
54.8559
55.2587
55.4386
55.5496
55.8824
56.2592
56.4061
56.541
56.8189
57.2466
57.3915
57.5185
57.7993
58.2221
58.333
58.444
58.7658
59.1476
59.2895
59.4804
59.6723
60.0541
60.18
60.5578
60.6278
61.0205
61.1265
61.5033
61.6042
61.966
62.1179
62.4897
62.6017
62.9025
63.0684
63.4062
63.5172
63.904
64.0859
64.4177
64.5706
64.9014
65.0414
65.3442
65.5451
65.8469
66.0078
66.3296
66.4856
66.8224
66.9943
67.3061
67.493
67.8298
67.9258
68.2626
68.4135
68.7363
68.8543
69.1281
69.274
69.5909
69.6968
69.9427
70.2205
70.3254
70.5473
70.6972
70.9401
71.3019
71.5588
71.7147
71.9416
72.0815
72.2354
72.6562
72.7971
72.988
73.2099
73.3508
73.5617
73.6526
73.7486
74.1853
74.5181
74.6591
74.82
75.0518
75.2627
75.3827
75.5446
75.6475
75.8114
75.9873
76.1183
76.3291
76.4961
76.9108
77.0667
77.1847
77.4016
77.8293
77.9662
78.2721
78.434
78.7348
78.8917
79.1786
79.3495
79.6413
79.7982
79.9582
80.194
80.29
80.3459
80.4219
80.6018
81.0056
81.0755
81.4373
81.5233
81.9011
81.997
86.3137
86.5615
86.7724
87.0343
87.2451
87.492
87.9298
88.1067
88.5284
88.7313
88.8812
89.1031
89.274
89.419
89.8877
90.1346
90.3305
90.5273
90.7542
90.9291
91.3469
91.5478
91.6997
91.8916
92.0005
92.1774
92.3533
92.5103
92.999
93.1089
93.2908
93.4957
93.6626
93.7486
93.8425
93.9485
94.4372
94.5781
94.6991
94.824
95.1618
95.2977
95.5046
95.6255
95.7555
95.8664
96.3342
96.576
96.7769
96.9688
97.2407
97.4415
97.7943
97.9303
98.2771
98.418
98.7398
98.8818
99.2635
99.3695
99.7363
99.8222
100.209
100.301
100.713
100.798
101.226
101.331
101.437
101.553
101.669
101.759
101.921
102.007
104.533
104.665
104.844
105.006
105.287
105.4
105.569
