9.86446
9.93843
10.2093
10.2813
10.6282
10.6922
11.056
11.156
11.4789
11.5738
11.8877
11.9867
12.3166
12.4096
12.8374
12.9224
13.3042
13.3962
13.7601
13.859
14.1759
14.2819
14.6917
14.7947
15.1796
15.2885
15.6464
15.7624
16.1213
16.2152
16.5671
16.6781
17.036
17.1609
17.5088
17.6238
17.9767
18.1096
18.4505
18.5505
18.8624
18.9833
19.3262
19.4312
19.7851
19.884
20.3119
20.4278
20.7377
20.8407
21.1626
21.2536
21.6475
21.7424
22.1313
22.2293
22.5682
22.6632
23.031
23.127
23.5069
23.6099
23.9427
24.0537
24.4405
24.5555
24.8623
24.9903
25.3461
25.4421
25.7999
25.9889
26.2817
26.3787
26.7455
26.9065
27.1894
27.3243
27.6022
27.7431
28.09
28.2149
28.9598
29.0997
29.2766
29.3825
29.5534
30.0062
31.2795
31.4564
31.7642
31.9032
33.0205
33.1725
33.4933
33.6242
33.972
34.087
34.4398
34.5407
34.8975
34.9725
35.3663
35.4462
35.859
35.9489
36.3227
36.4127
36.8754
36.9464
37.3692
37.4391
11.4458
11.5207
11.8336
12.0045
12.2603
12.4262
12.6891
12.91
15.2597
15.3956
15.6175
15.8344
16.0303
16.1962
16.433
16.598
18.8487
18.9946
1.94398
2.05992
2.35676
2.51267
2.76953
2.90546
3.21229
3.35821
3.68003
3.80096
4.22373
4.30369
4.66149
4.80741
5.14023
5.25117
5.59298
5.71391
6.08071
6.19665
6.52347
6.6394
6.93624
7.05218
7.40998
7.51492
7.9177
8.03864
8.34547
8.4714
8.81821
8.92915
9.23198
9.36191
9.88162
9.99556
10.5353
10.6652
11.3308
11.4308
12.1004
12.2163
12.795
12.9309
13.6196
13.8664
14.4151
14.642
15.1657
15.3156
15.6984
15.8893
16.2981
16.443
18.0231
18.26
18.9646
19.1066
19.3824
19.5893
19.8911
20.031
20.3129
20.4658
20.7367
20.9475
21.1894
21.3093
21.6222
21.7921
22.3468
22.4867
23.0114
23.1723
23.841
23.9769
24.3247
24.4926
24.8484
24.9743
26.6344
26.8103
27.0972
27.313
27.7118
27.8068
28.4384
28.5823
28.8592
29.0651
29.3469
29.4878
29.7907
29.9106
30.2474
30.4043
30.7611
30.8571
31.2549
31.4098
31.7676
31.9035
32.2713
32.4162
32.7391
32.88
33.2378
33.4547
33.7355
33.8714
34.1983
34.3442
34.671
34.8229
35.1697
35.2807
35.5925
35.7634
36.0782
36.2261
36.509
36.6589
37.0117
37.1227
37.4944
37.6364
38.0032
38.1291
38.4709
38.6128
38.9397
39.0856
39.3414
39.4674
39.7842
39.9411
40.2329
40.4148
40.7417
41.0175
41.2084
41.5412
41.875
42.0389
42.3158
42.4417
42.6936
42.8345
43.1923
43.3372
44.4546
44.6375
44.9034
45.0793
45.3311
45.4821
45.8039
45.9248
46.1657
46.2666
46.4585
46.5695
46.7044
46.9123
47.2641
47.394
47.5909
47.7168
47.8967
48.2096
48.3705
48.5114
48.7832
48.9042
49.0761
49.5068
49.6188
49.7597
49.8946
50.3434
50.4483
50.5643
50.7711
50.8761
51.009
51.4498
51.6067
51.9535
52.1304
52.2353
52.4212
52.5272
52.6431
52.7491
52.93
53.4027
53.5136
53.6146
53.8075
53.8954
54.0933
54.2103
54.3492
54.4701
54.5661
54.9439
55.0198
55.1338
55.2097
55.3256
55.5275
55.6075
55.7434
55.8893
56.0502
56.1712
56.2721
56.6039
56.7798
56.9258
57.0777
57.2076
57.3995
57.5494
57.7823
57.9022
58.1741
58.29
58.4909
58.7728
58.9207
59.0846
59.2485
59.5273
59.7512
59.9611
60.112
60.2549
60.3829
60.7147
60.8967
61.2512
61.5251
62.5401
62.6922
62.8241
62.95
63.1282
63.2501
63.6247
63.7738
64.1323
64.3145
64.4666
64.6337
64.7707
64.954
65.1967
65.3397
65.5209
65.6982
65.9469
66.0285
66.3879
66.4755
66.8552
66.9629
67.3537
67.4886
67.6457
67.8743
68.0213
68.2348
68.396
68.5289
68.6497
68.8017
69.1069
69.2952
69.4321
69.6043
69.8359
70.0202
70.2931
70.5066
70.6989
70.9224
71.1148
71.3172
71.5307
71.7492
72.0261
72.2164
72.434
72.6877
72.8488
73.1076
73.2435
73.5788
73.6906
73.9997
74.1568
74.4207
74.5486
74.8013
75.0027
75.2233
75.4096
75.6231
75.8466
76.053
76.2705
76.5052
76.7891
76.9814
77.2553
77.4728
77.7819
77.9703
78.1566
78.3812
78.6842
78.8725
79.0095
79.1978
79.3236
79.6277
79.7395
80.0366
80.1655
80.4948
80.6116
80.8603
81.0174
81.3467
81.4333
81.7928
81.8996
82.2702
82.4021
82.7464
82.8783
83.124
83.283
83.5449
83.8006
84.0242
84.2467
84.5014
84.6726
84.9415
85.1902
85.4399
85.6363
85.9877
86.1639
86.4781
86.6321
86.9644
87.1074
87.483
87.6461
87.9341
88.1818
89.7034
89.8554
90.5644
90.7326
91.0367
91.2189
91.6509
91.8069
92.1423
92.2842
92.5279
92.8623
93.0143
93.3688
93.5007
93.835
94.6568
94.9005
102.065
102.177
102.309
102.533
102.653
102.836
102.928
103.069
103.166
103.314
103.43
