4.01061
5.77332
12.7976
14.3368
14.5337
14.9814
15.1933
15.8969
16.5416
17.9158
18.1427
18.7753
18.9522
19.6159
20.2555
21.7207
21.9416
22.4753
22.7822
23.4218
23.9795
25.3887
25.5906
26.3552
26.5561
27.1398
27.9054
28.62
29.2037
30.411
30.5419
31.7503
31.8522
32.9126
33.0146
34.2209
34.2979
35.5402
35.6051
36.8484
36.9144
38.1417
38.2417
39.53
39.6619
40.8183
40.9652
42.3434
42.4344
43.8536
44.0255
44.2864
69.7414
70.9247
71.0447
72.5948
72.7657
74.2409
74.3768
75.992
76.4507
77.9299
78.1118
79.6859
79.7769
81.287
81.438
82.9221
83.0881
84.5523
84.6792
86.2343
86.4552
87.9754
88.0653
89.6055
89.9783
91.4825
91.6654
93.2195
93.7322
95.1814
95.3293
96.8665
97.4822
98.8774
98.9913
99.2982
99.3581
99.7309
99.7969
100.184
100.255
100.616
100.693
101.206
101.287
101.432
101.528
103.022
103.098
104.577
104.749
105.076
