1.79707
3.1863
3.35321
4.8324
4.98331
6.45251
6.60942
7.07618
7.78579
8.09262
10.4283
11.9075
12.5672
13.9664
14.9928
16.533
16.6739
18.1181
18.254
18.4099
18.5519
19.8591
21.0275
22.6976
23.2363
23.4322
23.69
24.3387
24.8164
26.3926
29.8437
37.3925
38.0532
39.2755
39.4674
40.5138
41.0075
41.5602
42.1539
43.1713
45.2952
46.6384
49.276
50.5633
50.7812
51.067
51.6617
52.6631
52.7731
54.0614
54.4291
57.5844
61.917
63.3972
63.5381
63.9099
64.0009
64.4047
69.2
70.3164
72.5562
73.8954
74.69
77.7743
78.359
79.8392
81.8571
83.2763
85.3492
86.9093
87.1378
88.5678
89.1156
90.2867
90.6774
90.8154
91.0903
91.1789
91.3974
91.5143
92.9654
93.1517
93.2272
93.3138
93.7096
94.4095
