9.49655
10.431
10.549
11.2106
12.6358
13.3405
13.4554
13.6923
13.9481
14.0741
14.191
14.3179
14.4579
15.0415
16.4498
17.2554
17.3113
17.6481
17.829
17.9999
18.2818
19.0724
19.1483
20.0079
20.1798
20.3497
20.5266
20.6625
20.8244
21.4471
22.1517
22.6054
22.7613
23.1391
23.306
24.2155
24.4224
24.5474
24.7742
24.9202
25.262
25.8666
25.9576
26.0875
26.2284
26.5912
27.5377
27.8745
27.9895
28.79
28.856
29.0319
29.1069
29.2628
29.3697
30.0783
30.9798
31.3466
31.4276
31.9903
32.1222
32.2631
32.3541
32.8668
33.1037
33.2296
33.3345
33.9432
34.0092
34.1551
34.326
34.4969
34.7587
35.3174
35.3934
35.5583
35.7152
36.2329
37.0535
37.7021
37.8151
38.0349
38.2218
38.3778
38.5587
39.6551
40.1038
40.2897
40.6375
41.588
60.7325
61.638
62.2017
62.4086
62.5505
63.1931
63.6569
64.4924
64.5784
64.9961
65.0761
65.237
65.4179
65.5988
65.6948
66.3434
67.2099
67.8486
67.9445
68.6391
68.7851
69.1369
69.2828
70.0983
70.1383
70.9289
71.0498
71.8554
71.9973
72.6299
72.9897
73.2736
73.5914
74.421
74.5579
74.8737
74.9777
75.8852
75.9771
76.197
76.5108
77.3653
78.2968
78.7536
78.8925
79.5701
79.6601
79.783
79.872
80.4756
81.5021
82.0048
82.0917
82.4186
82.5395
83.2681
83.6509
84.1556
84.2745
84.5774
84.7593
85.302
85.4129
85.6248
85.7847
85.9766
86.1575
86.7812
87.2209
87.8586
88.7591
89.0159
89.5147
90.1983
90.2802
90.5211
90.658
90.8649
91.0498
92.1862
92.2422
92.9668
93.0377
93.4845
93.6104
94.1551
94.325
94.7738
94.9947
95.5583
95.7203
96.263
96.5848
97.1785
97.6672
98.1149
98.5377
98.8905
99.0254
99.5791
99.76
100.325
100.561
101.164
101.331
101.905
