25.2373
28.2977
28.4246
31.429
31.4789
32.5514
32.7023
33.6687
34.6192
36.0994
36.2753
37.5836
38.1923
39.7374
39.8583
41.1726
41.5294
43.0136
43.2355
44.6847
45.2584
46.6576
46.9944
48.5706
49.3501
50.7693
51.0612
52.4654
52.9082
54.4953
54.982
56.0135
56.2743
57.6596
57.9054
59.3696
59.7824
61.2416
61.7353
63.1046
63.7432
65.0525
65.3234
66.5677
67.2413
68.5696
68.9983
70.3866
70.9043
72.3695
72.8022
74.2215
74.5133
75.9775
76.5912
78.1433
78.3182
79.6475
80.2302
81.6254
81.9012
83.4114
83.6883
85.0815
85.5293
87.0244
87.4972
89.0423
89.2242
90.7534
91.1212
92.6653
92.9332
94.4473
94.9211
96.1994
96.5722
97.8345
98.4082
99.6865
100.265
100.633
117.477
118.837
119.164
120.33
120.85
122.099
122.353
123.088
124.737
126.182
126.446
127.662
128.407
129.848
130.021
131.247
131.678
133.13
133.338
134.817
135.289
136.84
137.145
138.534
139.097
140.298
140.832
141.835
142.769
144.021
144.523
145.66
146.435
147.869
148.292
149.69
150.03
151.399
152.099
153.554
153.844
155.227
155.841
157.21
157.6
158.909
159.31
160.831
161.145
162.707
163.138
164.537
164.847
166.093
166.906
168.315
168.601
170.177
170.623
171.069
171.298
171.906
172.195
173.685
173.979
175.227
175.896
176.017
193.329
195.11
195.524
197.016
197.402
198.79
202.102
203.36
203.74
205.266
205.754
207.173
207.497
208.968
209.368
210.783
211.083
212.608
212.918
214.338
214.744
216.285
216.62
218.131
218.505
220.002
220.458
221.999
222.258
223.815
224.175
224.636
224.859
225.326
225.853
227.354
227.649
228.789
229.611
229.785
231.887
232.238
232.395
232.912
233.241
234.712
235.148
236.36
236.512
236.625
236.751
236.938
237.029
237.719
