9.94222
11.9158
11.9888
13.7688
13.8788
14.7553
18.5693
19.1779
21.2618
22.4811
22.5621
24.0153
24.1203
25.9673
32.2089
33.6441
33.733
35.1323
35.2082
37.1851
37.473
37.6889
37.7848
39.8777
40.1345
42.4143
42.5252
44.4272
45.6705
47.5834
47.8543
49.9781
50.4109
52.3138
52.8016
54.7485
55.3332
57.412
57.9557
60.0106
61.05
61.7747
61.9815
63.8775
64.1553
66.2992
66.536
68.5589
68.8658
71.0456
71.4723
72.7756
73.1034
75.0254
75.1683
77.2202
78.4075
78.8403
81.263
82.8721
83.033
84.7141
84.846
86.636
86.8179
88.7548
88.8508
90.7587
90.9097
92.7816
92.9585
94.9354
95.0664
97.0333
97.2152
99.0672
99.1781
101.1
101.241
103.183
103.299
105.237
105.353
107.265
107.436
109.279
109.484
111.477
111.629
113.571
113.803
115.816
